481
482
483
490
491
492
493
494
495
496
497
498
499
500
501
502
503
504
505
506
507
520
521
522
523
524
525
526
527
528
529
530
531
532
533
534
535
536
537
538
539
540
541
542
543
544
545
546
556
557
558
559
560
561
562
563
564
572
573
574
575
576
580
581
582
583
584
585
586
587
588
589
590
591
595
596
597
598
599
600
601
602
603
604
605
606
613
614
615
622
623
624
628
629
630
637
638
639
640
641
642
643
644
645
646
647
648
652
653
654
655
656
657
661
662
663
664
665
666
667
668
669
670
671
672
673
674
675
676
677
678
679
680
681
682
683
684
694
695
696
697
698
699
703
704
705
706
707
708
709
710
711
712
713
714
715
716
717
721
722
723
727
728
729
736
737
738
739
740
741
742
743
744
745
746
747
751
752
753
754
755
756
757
758
759
763
764
765
766
767
768
769
770
771
772
773
774
775
776
777
784
785
786
787
788
789
793
794
795
796
797
798
805
806
807
811
812
813
814
815
816
817
818
819
826
827
828
832
833
834
841
842
843
847
848
849
862
863
864
874
875
876
877
878
879
880
881
882
883
884
885
886
887
888
892
893
894
895
896
897
910
911
912
919
920
921
922
923
924
925
926
927
928
929
930
1381
1382
1383
1387
1388
1389
1390
1391
1392
1393
1394
1395
1396
1397
1398
1399
1400
1401
1402
1403
1404
1405
1406
1407
1408
1409
1410
1414
1415
1416
1417
1418
1419
1420
1421
1422
1423
1424
1425
1426
1427
1428
1429
1430
1431
1432
1433
1434
1435
1436
1437
1438
1439
1440
1441
1442
1443
1444
1445
1446
1450
1451
1452
1453
1454
1455
1456
1457
1458
1459
1460
1461
1462
1463
1464
1468
1469
1470
1471
1472
1473
1474
1475
1476
1477
1478
1479
1480
1481
1482
1483
1484
1485
1486
1487
1488
1489
1490
1491
1492
1493
1494
1495
1496
1497
1498
1499
1500
1501
1502
1503
1504
1505
1506
1510
1511
1512
1513
1514
1515
1516
1517
1518
1519
1520
1521
1522
1523
1524
1525
1526
1527
1528
1529
1530
1531
1532
1533
1534
1535
1536
1537
1538
1539
1540
1541
1542
1543
1544
1545
1546
1547
1548
1549
1550
1551
1552
1553
1554
1555
1556
1557
1558
1559
1560
1561
1562
1563
1564
1565
1566
1567
1568
1569
1570
1571
1572
1573
1574
1575
1576
1577
1578
1579
1580
1581
1582
1583
1584
1585
1586
1587
1594
1595
1596
1597
1598
1599
1600
1601
1602
1603
1604
1605
1606
1607
1608
1609
1610
1611
1612
1613
1614
1615
1616
1617
1618
1619
1620
1621
1622
1623
1624
1625
1626
1627
1628
1629
1636
1637
1638
1639
1640
1641
1642
1643
1644
1645
1646
1647
1651
1652
1653
1654
1655
1656
1657
1658
1659
1663
1664
1665
1666
1667
1668
1669
1670
1671
1672
1673
1674
1675
1676
1677
1684
1685
1686
1687
1688
1689
1690
1691
1692
1693
1694
1695
1696
1697
1698
1705
1706
1707
1708
1709
1710
1711
1712
1713
1714
1715
1716
1717
1718
1719
1723
1724
1725
1726
1727
1728
1729
1730
1731
1732
1733
1734
1735
1736
1737
1741
1742
1743
1747
1748
1749
1750
1751
1752
1756
1757
1758
1759
1760
1761
1762
1763
1764
1768
1769
1770
1774
1775
1776
1777
1778
1779
1780
1781
1782
1783
1784
1785
1786
1787
1788
1789
1790
1791
1792
1793
1794
1795
1796
1797
1798
1799
1800
1801
1802
1803
1807
1808
1809
1810
1811
1812
1813
1814
1815
1819
1820
1821
1822
1823
1824
1825
1826
1827
1828
1829
1830
2731
2732
2733
2740
2741
2742
2743
2744
2745
2752
2753
2754
2755
2756
2757
2767
2768
2769
2770
2771
2772
2773
2774
2775
2779
2780
2781
2788
2789
2790
2794
2795
2796
2800
2801
2802
2809
2810
2811
2818
2819
2820
2824
2825
2826
2830
2831
2832
2833
2834
2835
2839
2840
2841
2842
2843
2844
2848
2849
2850
2854
2855
2856
2878
2879
2880
2881
2882
2883
2890
2891
2892
2893
2894
2895
2896
2897
2898
2902
2903
2904
2905
2906
2907
2914
2915
2916
2917
2918
2919
2920
2921
2922
2923
2924
2925
2926
2927
2928
2932
2933
2934
2944
2945
2946
2947
2948
2949
2953
2954
2955
2956
2957
2958
2959
2960
2961
2962
2963
2964
2965
2966
2967
2968
2969
2970
2971
2972
2973
2974
2975
2976
2977
2978
2979
2986
2987
2988
2995
2996
2997
3001
3002
3003
3004
3005
3006
3013
3014
3015
3016
3017
3018
3022
3023
3024
3025
3026
3027
3034
3035
3036
3037
3038
3039
3040
3041
3042
3043
3044
3045
3046
3047
3048
3061
3062
3063
3064
3065
3066
3076
3077
3078
3079
3080
3081
3091
3092
3093
3100
3101
3102
3112
3113
3114
3124
3125
3126
3130
3131
3132
3136
3137
3138
3139
3140
3141
3142
3143
3144
3145
3146
3147
3151
3152
3153
3175
3176
3177
3178
3179
3180
3181
3182
3183
3184
3185
3186
3187
3188
3189
3190
3191
3192
3193
3194
3195
3196
3197
3198
3199
3200
3201
3202
3203
3204
3205
3206
3207
3208
3209
3210
3211
3212
3213
3214
3215
3216
3217
3218
3219
3220
3221
3222
3223
3224
3225
3226
3227
3228
3229
3230
3231
3232
3233
3234
3235
3236
3237
3238
3239
3240
3241
3242
3243
3244
3245
3246
3247
3248
3249
3250
3251
3252
3253
3254
3255
3256
3257
3258
3259
3260
3261
3262
3263
3264
3265
3266
3267
3268
3269
3270
3271
3272
3273
3274
3275
3276
3277
3278
3279
3280
3281
3282
3283
3284
3285
3286
3287
3288
3289
3290
3291
3292
3293
3294
3295
3296
3297
3298
3299
3300
3301
3302
3303
3304
3305
3306
3307
3308
3309
3310
3311
3312
3313
3314
3315
3316
3317
3318
3319
3320
3321
3322
3323
3324
3325
3326
3327
3328
3329
3330
3331
3332
3333
3334
3335
3336
3337
3338
3339
3340
3341
3342
3343
3344
3345
3346
3347
3348
3349
3350
3351
3352
3353
3354
3355
3356
3357
3358
3359
3360
3361
3362
3363
3364
3365
3366
3367
3368
3369
3370
3371
3372
3373
3374
3375
3376
3377
3378
3379
3380
3381
3382
3383
3384
3385
3386
3387
3388
3389
3390
3391
3392
3393
3394
3395
3396
3397
3398
3399
3400
3401
3402
3403
3404
3405
3406
3407
3408
3409
3410
3411
3412
3413
3414
3415
3416
3417
3418
3419
3420
3421
3422
3423
3424
3425
3426
3427
3428
3429
3430
3431
3432
3433
3434
3435
3436
3437
3438
3439
3440
3441
3442
3443
3444
3445
3446
3447
3451
3452
3453
3454
3455
3456
3457
3458
3459
3463
3464
3465
3466
3467
3468
3469
3470
3471
3472
3473
3474
3475
3476
3477
3478
3479
3480
3481
3482
3483
3484
3485
3486
3487
3488
3489
3490
3491
3492
3493
3494
3495
3496
3497
3498
3499
3500
3501
3502
3503
3504
3505
3506
3507
3508
3509
3510
3511
3512
3513
3514
3515
3516
3517
3518
3519
3523
3524
3525
3526
3527
3528
3529
3530
3531
3532
3533
3534
3535
3536
3537
3538
3539
3540
3541
3542
3543
3544
3545
3546
3547
3548
3549
3550
3551
3552
3553
3554
3555
3556
3557
3558
3559
3560
3561
3562
3563
3564
3565
3566
3567
3568
3569
3570
3571
3572
3573
3574
3575
3576
3577
3578
3579
3580
3581
3582
3583
3584
3585
3586
3587
3588
3589
3590
3591
3592
3593
3594
3595
3596
3597
3598
3599
3600
3601
3602
3603
3604
3605
3606
3607
3608
3609
3610
3611
3612
3613
3614
3615
3616
3617
3618
3619
3620
3621
3622
3623
3624
3625
3626
3627
3628
3629
3630
4019
4020
4030
4031
4032
4084
4085
4086
4093
4094
4095
4099
4100
4101
4144
4145
4146
4150
4151
4152
4171
4172
4173
4191
4198
4199
4200
4202
4203
4205
4206
4270
4271
4272
4301
4302
4336
4337
4338
4342
4343
4344
4381
4382
4383
4396
4397
4398
4399
4400
4401
4408
4409
4410
4411
4412
4413
4426
4427
4428
4450
4451
4452
4456
4457
4458
4480
4481
4482
4486
4487
4488
4489
4490
4491
4495
4496
4497
4498
4499
4500
4504
4505
4506
4510
4511
4512
4537
4538
4539
4546
4547
4548
4552
4553
4554
4558
4559
4560
4561
4562
4563
4570
4571
4572
4576
4577
4578
4582
4583
4584
4588
4589
4590
4600
4601
4602
4609
4610
4611
4612
4613
4614
4615
4616
4617
4618
4619
4620
4624
4625
4626
4630
4631
4632
4633
4634
4635
4657
4658
4659
4660
4661
4662
4669
4670
4671
4681
4682
4683
4690
4691
4692
4696
4697
4698
4699
4700
4701
4717
4718
4719
4732
4733
4734
4735
4736
4737
4747
4748
4749
4768
4769
4770
4780
4781
4782
4786
4787
4788
4792
4793
4794
4795
4796
4797
4801
4802
4803
4807
4808
4809
4831
4832
4833
4837
4838
4839
4840
4841
4842
4843
4844
4845
4846
4847
4848
4849
4850
4851
4852
4853
4854
4855
4856
4857
4858
4859
4860
4861
4862
4863
4864
4865
4866
4867
4868
4869
4870
4871
4872
4873
4874
4875
4876
4877
4878
4879
4880
4881
4882
4883
4884
4885
4886
4887
4888
4889
4890
4891
4892
4893
4894
4895
4896
4897
4898
4899
4900
4901
4902
4903
4904
4905
4906
4907
4908
4909
4910
4911
4912
4913
4914
4915
4916
4917
4918
4919
4920
4924
4925
4926
4927
4928
4929
4930
4931
4932
4933
4934
4935
4936
4937
4938
4939
4940
4941
4942
4943
4944
4945
4946
4947
4948
4949
4950
4951
4952
4953
4954
4955
4956
4957
4958
4959
4960
4961
4962
4963
4964
4965
4966
4967
4968
4969
4970
4971
4972
4973
4974
4975
4976
4977
4978
4979
4980
4981
4982
4983
4984
4985
4986
4987
4988
4989
4990
4991
4992
4993
4994
4995
4996
4997
4998
4999
5000
5001
5002
5003
5004
5006
5008
5009
5010
5011
5012
5013
5014
5015
5016
5017
5018
5019
5020
5021
5022
5023
5024
5025
5026
5027
5028
5029
5030
5031
5032
5033
5034
5035
5036
5037
5038
5039
5040
5041
5042
5043
5044
5045
5046
5047
5048
5049
5050
5051
5052
5053
5054
5055
5056
5057
5058
5059
5060
5061
5062
5063
5064
5065
5066
5067
5068
5069
5070
5071
5072
5073
5074
5075
5076
5077
5078
5079
5080
5081
5082
5083
5084
5085
5086
5087
5088
5089
5090
5091
5092
5093
5094
5095
5096
5097
5098
5099
5100
5101
5102
5103
5107
5108
5109
5110
5111
5112
5113
5114
5115
5119
5120
5121
5122
5123
5124
5125
5126
5127
5128
5129
5130
5131
5132
5133
5134
5135
5136
5140
5141
5142
5143
5144
5145
5146
5147
5148
5149
5150
5151
5152
5153
5154
5155
5156
5157
5158
5159
5160
5161
5162
5163
5164
5165
5166
5167
5168
5169
5170
5171
5172
5173
5174
5175
5179
5180
5181
5182
5183
5184
5185
5186
5187
5188
5189
5190
5192
5194
5195
5196
5197
5198
5199
5200
5201
5202
5203
5204
5205
5206
5207
5208
5209
5210
5211
5212
5213
5214
5215
5216
5217
5218
5219
5220
5221
5222
5223
5224
5225
5226
5227
5228
5229
5230
5231
5232
5233
5234
5235
5236
5237
5238
5239
5240
5241
5242
5243
5244
5245
5246
5247
5248
5249
5250
5251
5252
5253
5254
5255
5256
5257
5258
5259
5260
5261
5262
5263
5264
5265
5266
5267
5268
5269
5270
5271
5272
5273
5274
5275
5276
5277
5278
5279
5280
5281
5282
5283
5284
5285
5286
5287
5288
5289
5293
5294
5295
5296
5297
5298
5299
5300
5301
5308
5309
5310
5311
5312
5313
5314
5315
5316
5323
5324
5325
5326
5327
5328
5329
5330
5331
5335
5336
5337
5344
5345
5346
5347
5348
5349
5350
5351
5352
5356
5357
5358
5362
5363
5364
5365
5366
5367
5374
5375
5376
5377
5378
5379
5380
5381
5382
5386
5387
5388
5389
5390
5391
5395
5396
5397
5398
5399
5400
5401
5402
5403
5404
5405
5406
5410
5411
5412
5416
5417
5418
5419
5420
5421
5425
5426
5427
5434
5435
5436
5437
5438
5439
5443
5444
5445
5446
5447
5448
5449
5450
5451
5452
5453
5454
5458
5459
5460
5461
5462
5463
5470
5471
5472
5473
5474
5475
5476
5477
5478
5479
5480
5481
5482
5483
5484
5485
5486
5487
5488
5489
5490
5500
5501
5502
5503
5504
5505
5509
5510
5511
5512
5513
5514
5515
5516
5517
5518
5519
5520
5521
5522
5523
5524
5525
5526
5527
5528
5529
5530
5531
5532
5533
5534
5535
5542
5543
5544
5548
5549
5550
5551
5552
5553
5557
5558
5559
5560
5561
5562
5563
5564
5565
5569
5570
5571
5572
5573
5574
5578
5579
5580
5581
5582
5583
5590
5591
5592
5593
5594
5595
5596
5597
5598
5599
5600
5601
5602
5603
5604
5611
5612
5613
5617
5618
5619
5620
5621
5622
5632
5633
5634
5635
5636
5637
5638
5639
5640
5647
5648
5649
5653
5654
5655
5656
5657
5658
5666
5667
5668
5669
5670
5680
5681
5682
5683
5684
5685
5686
5687
5688
5689
5690
5691
5692
5693
5694
5695
5696
5697
5698
5699
5700
5701
5702
5703
5707
5708
5709
5716
5717
5718
5725
5726
5727
5728
5729
5730
5731
5732
5733
5734
5735
5736
5737
5738
5739
5740
5741
5742
5743
5744
5745
5746
5747
5748
5749
5750
5751
5752
5753
5754
5755
5756
5757
5758
5759
5760
5761
5762
5763
5764
5765
5766
5767
5768
5769
5770
5771
5772
5773
5774
5775
5776
5777
5778
5779
5780
5781
5782
5783
5784
5785
5786
5787
5788
5789
5790
5791
5792
5793
5794
5795
5796
5797
5798
5799
5800
5801
5802
5803
5804
5805
5806
5807
5808
5809
5810
5811
5812
5813
5814
5815
5816
5817
5818
5819
5820
5821
5822
5823
5824
5825
5826
5827
5828
5829
5830
5831
5832
5833
5834
5835
5836
5837
5838
5839
5840
5841
5842
5843
5844
5845
5846
5847
5848
5849
5850
5851
5852
5853
5854
5855
5856
5857
5858
5859
5860
5861
5862
5863
5864
5865
5866
5867
5868
5869
5870
5871
5872
5873
5874
5875
5876
5877
5878
5879
5880
5881
5882
5883
5884
5885
5886
5887
5888
5889
5890
5891
5892
5893
5894
5895
5896
5897
5898
5899
5900
5901
5902
5903
5904
5905
5906
5907
5908
5909
5910
5911
5912
5913
5914
5915
5916
5917
5918
5919
5920
5921
5922
5923
5924
5925
5926
5927
5928
5929
5930
5931
5932
5933
5934
5935
5936
5937
5938
5939
5940
5941
5942
5943
5944
5945
5946
5947
5948
5949
5950
5951
5952
5953
5954
5955
5956
5957
5958
5959
5960
5961
5962
5963
5964
5965
5966
5967
5968
5969
5970
5971
5972
5973
5974
5975
5976
5977
5978
5979
5980
5981
5982
5983
5984
5985
5986
5987
5988
5989
5990
5991
5992
5993
5994
5995
5996
5997
5998
5999
6000
6001
6002
6003
6004
6005
6006
6007
6008
6009
6010
6011
6012
6013
6014
6015
6016
6017
6018
6019
6020
6021
6022
6023
6024
6025
6026
6027
6028
6029
6030
6031
6032
6033
6034
6035
6036
6037
6038
6039
6040
6041
6042
6043
6044
6045
6046
6047
6048
6049
6050
6051
6052
6053
6054
6055
6056
6057
6058
6059
6060
6061
6062
6063
6064
6065
6066
6067
6068
6069
6070
6071
6072
6073
6074
6075
6076
6077
6078
6079
6080
6081
6082
6083
6084
6085
6086
6087
6088
6089
6090
6091
6092
6093
6094
6095
6096
6097
6098
6099
6100
6101
6102
6103
6104
6105
6106
6107
6108
6109
6110
6111
6112
6113
6114
6115
6116
6117
6118
6119
6120
6121
6122
6123
6124
6125
6126
6127
6128
6129
6130
6131
6132
6133
6134
6135
6136
6137
6138
6139
6140
6141
6142
6143
6144
6145
6146
6147
6148
6149
6150
6151
6152
6153
6154
6155
6156
6157
6158
6159
6160
6161
6162
6163
6164
6165
6166
6167
6168
6169
6170
6171
6172
6173
6174
6175
6176
6177
6178
6179
6180
6181
6182
6183
6184
6185
6186
6565
6566
6567
6571
6572
6573
6574
6575
6576
6586
6587
6588
6595
6596
6597
6598
6599
6600
6613
6614
6615
6616
6617
6618
6619
6620
6621
6628
6629
6630
6631
6632
6633
6640
6641
6642
6646
6647
6648
6649
6650
6651
6655
6656
6657
6658
6659
6660
6667
6668
6685
6686
6687
6691
6692
6693
6697
6698
6699
6700
6701
6702
6706
6707
6708
6718
6719
6720
6721
6722
6723
6724
6725
6726
6727
6728
6729
6733
6734
6735
6745
6746
6747
6754
6755
6756
6757
6758
6759
6760
6761
6762
6763
6764
6765
6766
6767
6768
6769
6770
6771
6772
6773
6774
6790
6791
6792
6793
6794
6795
6799
6800
6801
6802
6803
6804
6814
6815
6816
6820
6821
6822
6823
6824
6825
6826
6827
6828
6829
6830
6831
6847
6848
6849
6856
6857
6858
6859
6860
6861
6865
6866
6867
6892
6893
6894
6898
6899
6900
6904
6905
6906
6907
6908
6909
6922
6923
6924
6931
6932
6933
6934
6935
6936
6937
6938
6939
7393
7394
7395
7402
7403
7404
7405
7406
7407
7408
7409
7410
7411
7412
7413
7414
7415
7416
7417
7418
7419
7432
7433
7434
7435
7436
7437
7438
7439
7440
7441
7442
7443
7444
7445
7446
7447
7448
7449
7450
7451
7452
7453
7454
7455
7456
7457
7458
7465
7466
7467
7468
7469
7470
7471
7472
7473
7474
7475
7476
7483
7484
7485
7486
7487
7488
7492
7493
7494
7495
7496
7497
7498
7499
7500
7501
7502
7503
7504
7505
7506
7507
7508
7509
7510
7511
7512
7513
7514
7515
7516
7517
7518
7525
7526
7527
7531
7532
7533
7534
7535
7536
7540
7541
7542
7549
7550
7551
7552
7553
7554
7555
7556
7557
7558
7559
7560
7564
7565
7566
7567
7568
7569
7573
7574
7575
7576
7577
7578
7579
7580
7581
7582
7583
7584
7585
7586
7587
7588
7589
7590
7591
7592
7593
7594
7595
7596
7606
7607
7608
7609
7610
7611
7615
7616
7617
7618
7619
7620
7621
7622
7623
7624
7625
7626
7627
7628
7629
7630
7631
7632
7633
7634
7635
7636
7637
7638
7639
7640
7641
7648
7649
7650
7651
7652
7653
7654
7655
7656
7657
7658
7659
7663
7664
7665
7666
7667
7668
7669
7670
7671
7675
7676
7677
7678
7679
7680
7681
7682
7683
7684
7685
7686
7687
7688
7689
7696
7697
7698
7699
7700
7701
7702
7703
7704
7705
7706
7707
7708
7709
7710
7717
7718
7719
7723
7724
7725
7726
7727
7728
7729
7730
7731
7738
7739
7740
7741
7742
7743
7744
7745
7746
7753
7754
7755
7759
7760
7761
7774
7775
7776
7786
7787
7788
7789
7790
7791
7792
7793
7794
7795
7796
7797
7798
7799
7800
7804
7805
7806
7807
7808
7809
7822
7823
7824
7831
7832
7833
7834
7835
7836
7837
7838
7839
7840
7841
7842
8965
8966
8967
8971
8972
8973
8974
8975
8976
8977
8978
8979
8980
8981
8982
8986
8987
8988
8995
8996
8997
8998
8999
9000
9007
9008
9009
9010
9011
9012
9013
9014
9015
9016
9017
9018
9019
9020
9021
9028
9029
9030
9031
9032
9033
9040
9041
9042
9046
9047
9048
9049
9050
9051
9055
9056
9057
9058
9059
9060
9061
9062
9063
9067
9068
9069
9073
9074
9075
9085
9086
9087
9091
9092
9093
9097
9098
9099
9100
9101
9102
9103
9104
9105
9106
9107
9108
9115
9116
9117
9118
9119
9120
9121
9122
9123
9124
9125
9126
9127
9128
9129
9130
9131
9132
9133
9134
9135
9145
9146
9147
9148
9149
9150
9154
9155
9156
9157
9158
9159
9160
9161
9162
9163
9164
9165
9166
9167
9168
9169
9170
9171
9172
9173
9174
9181
9182
9183
9190
9191
9192
9193
9194
9195
9199
9200
9201
9202
9203
9204
9205
9206
9207
9208
9209
9210
9211
9212
9213
9214
9215
9216
9220
9221
9222
9223
9224
9225
9226
9227
9228
9229
9230
9231
9244
9245
9246
9247
9248
9249
9250
9251
9252
9256
9257
9258
9259
9260
9261
9265
9266
9267
9271
9272
9273
9292
9293
9294
9298
9299
9300
9301
9302
9303
9304
9305
9306
9307
9308
9309
9310
9311
9312
9322
9323
9324
9331
9332
9333
9334
9335
9336
9337
9338
9339
10688
10689
10690
10691
10692
10693
10703
10704
10705
10741
10742
10743
10768
10769
10770
10777
10778
10779
10783
10784
10785
10793
10794
10839
10840
10841
10845
10846
10847
10860
10861
10862
10866
10867
10868
10872
10873
10874
10884
10885
10886
10893
10894
10895
10896
10897
10898
10899
10900
10901
10941
10942
10943
10953
10954
10955
10983
10984
10985
11002
11003
11016
11017
11018
11060
11061
11062
11066
11067
11068
11109
11110
11111
11565
11566
11567
11571
11572
11573
11574
11575
11576
11577
11578
11579
11580
11581
11582
11583
11584
11585
11586
11587
11588
11589
11590
11591
11592
11593
11594
11598
11599
11600
11601
11602
11603
11604
11605
11606
11607
11608
11609
11610
11611
11612
11613
11614
11615
11616
11617
11618
11619
11620
11621
11622
11623
11624
11625
11626
11627
11628
11629
11630
11634
11635
11636
11637
11638
11639
11640
11641
11642
11643
11644
11645
11646
11647
11648
11649
11650
11651
11652
11653
11654
11655
11656
11657
11658
11659
11660
11661
11662
11663
11664
11665
11666
11667
11668
11669
11670
11671
11672
11673
11674
11675
11676
11677
11678
11679
11680
11681
11682
11683
11684
11685
11686
11687
11688
11689
11690
11694
11695
11696
11697
11698
11699
11700
11701
11702
11703
11704
11705
11706
11707
11708
11709
11710
11711
11712
11713
11714
11715
11716
11717
11718
11719
11720
11721
11722
11723
11724
11725
11726
11727
11728
11729
11730
11731
11732
11733
11734
11735
11736
11737
11738
11739
11740
11741
11742
11743
11744
11745
11746
11747
11748
11749
11750
11751
11752
11753
11754
11755
11756
11757
11758
11759
11760
11761
11762
11763
11764
11765
11766
11767
11768
11769
11770
11771
11778
11779
11780
11781
11782
11783
11784
11785
11786
11787
11788
11789
11790
11791
11792
11793
11794
11795
11796
11797
11798
11799
11800
11801
11802
11803
11804
11805
11806
11807
11808
11809
11810
11811
11812
11813
11820
11821
11822
11823
11824
11825
11826
11827
11828
11829
11830
11831
11835
11836
11837
11838
11839
11840
11841
11842
11843
11847
11848
11849
11850
11851
11852
11853
11854
11855
11856
11857
11858
11859
11860
11861
11865
11866
11867
11868
11869
11870
11871
11872
11873
11874
11875
11876
11877
11878
11879
11880
11881
11882
11889
11890
11891
11892
11893
11894
11895
11896
11897
11898
11899
11900
11901
11902
11903
11907
11908
11909
11910
11911
11912
11913
11914
11915
11916
11917
11918
11919
11920
11921
11925
11926
11927
11931
11932
11933
11934
11935
11936
11940
11941
11942
11943
11944
11945
11946
11947
11948
11952
11953
11954
11958
11959
11960
11961
11962
11963
11964
11965
11966
11967
11968
11969
11970
11971
11972
11973
11974
11975
11976
11977
11978
11979
11980
11981
11982
11983
11984
11985
11986
11987
11991
11992
11993
11994
11995
11996
11997
11998
11999
12003
12004
12005
12006
12007
12008
12009
12010
12011
12012
12013
12014
